mydata <- 1:10